[gd_scene load_steps=20 format=2]

[ext_resource path="res://blocks/BlockCache.tscn" type="PackedScene" id=1]
[ext_resource path="res://addons/imjp94.yafsm/src/states/State.gd" type="Script" id=2]
[ext_resource path="res://addons/imjp94.yafsm/src/states/StateMachine.gd" type="Script" id=3]
[ext_resource path="res://addons/imjp94.yafsm/src/StateMachinePlayer.gd" type="Script" id=4]
[ext_resource path="res://addons/imjp94.yafsm/src/transitions/Transition.gd" type="Script" id=5]
[ext_resource path="res://PhaseThree.gd" type="Script" id=7]
[ext_resource path="res://addons/imjp94.yafsm/src/conditions/Condition.gd" type="Script" id=8]

[sub_resource type="Resource" id=1]
script = ExtResource( 2 )
__meta__ = {
"graph_offset": Vector2( 312, 100 )
}
name = "CacheBuild"

[sub_resource type="Resource" id=2]
script = ExtResource( 2 )
__meta__ = {
"graph_offset": Vector2( 328, 220 )
}
name = "Entry"

[sub_resource type="Resource" id=3]
script = ExtResource( 2 )
__meta__ = {
"graph_offset": Vector2( 559, 220 )
}
name = "OrthogonalCity"

[sub_resource type="Resource" id=4]
script = ExtResource( 2 )
__meta__ = {
"graph_offset": Vector2( 559, 100 )
}
name = "PerspectiveCity"

[sub_resource type="Resource" id=5]
script = ExtResource( 8 )
name = "build_complete"

[sub_resource type="Resource" id=6]
script = ExtResource( 5 )
from = "CacheBuild"
to = "PerspectiveCity"
conditions = {
"build_complete": SubResource( 5 )
}

[sub_resource type="Resource" id=7]
script = ExtResource( 5 )
from = "Entry"
to = "CacheBuild"
conditions = {
}

[sub_resource type="Resource" id=8]
script = ExtResource( 8 )
name = "persp_switch"

[sub_resource type="Resource" id=9]
script = ExtResource( 5 )
from = "OrthogonalCity"
to = "PerspectiveCity"
conditions = {
"persp_switch": SubResource( 8 )
}

[sub_resource type="Resource" id=10]
script = ExtResource( 8 )
name = "ortho_switch"

[sub_resource type="Resource" id=11]
script = ExtResource( 5 )
from = "PerspectiveCity"
to = "OrthogonalCity"
conditions = {
"ortho_switch": SubResource( 10 )
}

[sub_resource type="Resource" id=12]
script = ExtResource( 3 )
name = ""
states = {
"CacheBuild": SubResource( 1 ),
"Entry": SubResource( 2 ),
"OrthogonalCity": SubResource( 3 ),
"PerspectiveCity": SubResource( 4 )
}
transitions = {
"CacheBuild": {
"PerspectiveCity": SubResource( 6 )
},
"Entry": {
"CacheBuild": SubResource( 7 )
},
"OrthogonalCity": {
"PerspectiveCity": SubResource( 9 )
},
"PerspectiveCity": {
"OrthogonalCity": SubResource( 11 )
}
}

[node name="PhaseThree" type="Spatial"]
script = ExtResource( 7 )

[node name="OrthoCamera" type="Camera" parent="."]
transform = Transform( 0.707107, -0.408063, 0.577481, 0, 0.816682, 0.577088, -0.707107, -0.408063, 0.577481, 25, 25, 25 )
projection = 1
current = true
size = 75.0
near = 0.01

[node name="PerspCamera" type="Camera" parent="."]
transform = Transform( 0.939693, -0.029809, -0.340719, 0, 0.996195, -0.0871558, 0.34202, 0.0818996, 0.936117, 0, 7, 0 )
fov = 60.0

[node name="PerspCamera2" type="Camera" parent="."]
transform = Transform( 0.939693, -0.029809, -0.340719, 0, 0.996195, -0.0871558, 0.34202, 0.0818996, 0.936117, 0, 2, 0 )
fov = 15.0

[node name="BlockCache" parent="." instance=ExtResource( 1 )]

[node name="BlockBuildTimer" type="Timer" parent="."]
wait_time = 0.5

[node name="StateMachinePlayer" type="Node" parent="."]
script = ExtResource( 4 )
state_machine = SubResource( 12 )

[connection signal="transited" from="StateMachinePlayer" to="." method="_on_StateMachinePlayer_transited"]
[connection signal="updated" from="StateMachinePlayer" to="." method="_on_StateMachinePlayer_updated"]
