[gd_scene load_steps=3 format=2]

[ext_resource path="res://buildings/AutoTower.tscn" type="PackedScene" id=1]
[ext_resource path="res://buildings/DotWindowLightMaterial.tres" type="Material" id=2]

[node name="Spatial" type="Spatial"]

[node name="AutoTower" parent="." instance=ExtResource( 1 )]
transform = Transform( 5, 0, 0, 0, 5, 0, 0, 0, 5, -2.60649e-07, 5.96046e-08, 0 )
building_material = ExtResource( 2 )

[node name="OmniLight" type="OmniLight" parent="."]
transform = Transform( 0.999983, -0.00582763, -0.00036424, 0.00582782, 0.999983, 0.000542813, 0.000361071, -0.000544927, 1, 0.499809, 0.00318532, 0.50018 )
light_color = Color( 1, 0, 0, 1 )
light_energy = 16.0
omni_range = 0.75

[node name="OmniLight2" type="OmniLight" parent="."]
transform = Transform( 0.999983, -0.00582763, -0.00036424, 0.00582782, 0.999983, 0.000542813, 0.000361071, -0.000544927, 1, -0.500174, -0.0026425, 0.499819 )
light_color = Color( 0, 1, 0, 1 )
light_energy = 16.0
omni_range = 0.75

[node name="OmniLight3" type="OmniLight" parent="."]
transform = Transform( 0.999983, -0.00582763, -0.00036424, 0.00582782, 0.999983, 0.000542813, 0.000361071, -0.000544927, 1, 0.500174, 0.0026425, -0.499819 )
light_color = Color( 0, 0, 1, 1 )
light_energy = 16.0
omni_range = 0.75

[node name="OmniLight4" type="OmniLight" parent="."]
transform = Transform( 0.999983, -0.00582763, -0.00036424, 0.00582782, 0.999983, 0.000542813, 0.000361071, -0.000544927, 1, -0.499809, -0.00318532, -0.50018 )
light_color = Color( 1, 0, 0, 1 )
light_energy = 16.0
omni_range = 0.75

[node name="DirectionalLight" type="DirectionalLight" parent="."]
transform = Transform( 1, 0, 0, 0, 0.0020769, -0.999998, 0, 0.999998, 0.0020769, 0, 0, 0 )
visible = false
